1           1578000
2           1589900
5           1597100
10          1603100
20          1604000
50          1616100
100         1610500
200         1620300
500         1650200
1000        1671400
2000        1698800
5000        1769300
10000       1863100
20000       2613500
50000       4230900
100000      6799900
200000      12032000
500000      27155000
1000000     52744000
2000000     103360000
5000000     254620000
10000000    507320000
20000000    1010800000
50000000    2526600000
100000000   5094600000
200000000   10171000000
500000000   25821000000
1000000000  51241000000
2000000000  102200000000
4000000000  207220000000
