1         136370
2         136660
5         138160
10        137930
20        138450
50        139710
100       140050
200       149920
300       150070
400       150500
500       152890
600       152480
700       152310
800       152500
900       153020
1000      152030
2000      151990
3000      152390
4000      153580
5000      152830
6000      154360
7000      153510
8000      154460
9000      151330
10000     149770
20000     155050
30000     155470
40000     156810
50000     160670
60000     161170
70000     162040
80000     162470
90000     163970
100000    165630
200000    168900
300000    173350
400000    180890
500000    179530
600000    185190
700000    189320
800000    200650
900000    201060
1000000   252820
2000000   353740
3000000   474910
4000000   356920
5000000   225350
6000000   284420
7000000   267090
8000000   283560
9000000   391390
10000000  373110

1,2,5,10,20,50,100,200,300,400,500,600,700,800,900,1000,2000,3000,4000,5000,6000,7000,8000,9000,10000,20000,30000,40000,50000,60000,70000,80000,90000,100000,200000,300000,400000,500000,600000,700000,800000,900000,1000000,2000000,3000000,4000000,5000000,6000000,7000000,8000000,9000000,10000000
136370,136660,138160,137930,138450,139710,140050,149920,150070,150500,152890,152480,152310,152500,153020,152030,151990,152390,153580,152830,154360,153510,154460,151330,149770,155050,155470,156810,160670,161170,162040,162470,163970,165630,168900,173350,180890,179530,185190,189320,200650,201060,252820,353740,474910,356920,225350,284420,267090,283560,391390,373110
