1         116750
2         118650
5         117890
10        119650
20        128900
50        131380
100       134380
200       137850
300       140310
400       143310
500       144690
600       146480
700       149320
800       149500
900       151140
1000      152700
2000      157770
3000      161380
4000      160700
5000      161090
6000      165040
7000      164190
8000      166910
9000      170510
10000     169440
20000     177830
30000     180690
40000     176580
50000     184910
60000     184950
70000     178980
80000     208080
90000     188830
100000    210530
200000    223160
300000    222060
400000    167750
500000    174650
600000    197210
700000    223940
800000    204280
900000    191710
1000000   219310
2000000   359050
3000000   390860
4000000   366720
5000000   1822300
6000000   2256400
7000000   2506000
8000000   2882400
9000000   3333900
10000000  3781700

1,2,5,10,20,50,100,200,300,400,500,600,700,800,900,1000,2000,3000,4000,5000,6000,7000,8000,9000,10000,20000,30000,40000,50000,60000,70000,80000,90000,100000,200000,300000,400000,500000,600000,700000,800000,900000,1000000,2000000,3000000,4000000,5000000,6000000,7000000,8000000,9000000,10000000
116750,118650,117890,119650,128900,131380,134380,137850,140310,143310,144690,146480,149320,149500,151140,152700,157770,161380,160700,161090,165040,164190,166910,170510,169440,177830,180690,176580,184910,184950,178980,208080,188830,210530,223160,222060,167750,174650,197210,223940,204280,191710,219310,359050,390860,366720,1822300,2256400,2506000,2882400,3333900,3781700
