1           3026500
2           3019500
5           3014700
10          3014200
20          3015700
50          3019000
100         3026600
200         3032700
500         3060200
1000        3087500
2000        3118700
5000        5106600
10000       7873400
20000       11859000
50000       28619000
100000      54056000
200000      104550000
500000      256170000
1000000     512100000
2000000     1034900000
5000000     2597900000
10000000    5172300000
20000000    10261000000
50000000    25331000000
100000000   49592000000
200000000   99102000000
500000000   248620000000
1000000000  500490000000
2000000000  1005000000000
2147483647  1079600000000

1,2,5,10,20,50,100,200,500,1000,2000,5000,10000,20000,50000,100000,200000,500000,1000000,2000000,5000000,10000000,20000000,50000000,100000000,200000000,500000000,1000000000,2000000000,2147483647
3026500,3019500,3014700,3014200,3015700,3019000,3026600,3032700,3060200,3087500,3118700,5106600,7873400,11859000,28619000,54056000,104550000,256170000,512100000,1034900000,2597900000,5172300000,10261000000,25331000000,49592000000,99102000000,248620000000,500490000000,1005000000000,1079600000000
