1           4433500
2           4447900
5           4448700
10          4442500
20          4452100
50          4558100
100         4570700
200         4581700
500         4591600
1000        4614000
2000        4623800
5000        7936800
10000       11177000
20000       17512000
50000       43075000
100000      80194000
200000      156880000
500000      386500000
1000000     765290000
2000000     1528700000
5000000     3840800000
10000000    7702000000
20000000    15617000000
50000000    39220000000
100000000   78225000000
200000000   155420000000
500000000   389660000000
1000000000  784200000000
2000000000  1565000000000
4000000000  3133700000000

1,2,5,10,20,50,100,200,500,1000,2000,5000,10000,20000,50000,100000,200000,500000,1000000,2000000,5000000,10000000,20000000,50000000,100000000,200000000,500000000,1000000000,2000000000,4000000000
4433500,4447900,4448700,4442500,4452100,4558100,4570700,4581700,4591600,4614000,4623800,7936800,11177000,17512000,43075000,80194000,156880000,386500000,765290000,1528700000,3840800000,7702000000,15617000000,39220000000,78225000000,155420000000,389660000000,784200000000,1565000000000,3133700000000
