1           2845900
2           2844900
5           2850300
10          2849300
20          2847000
50          2842200
100         2849300
200         2849500
500         2848000
1000        2867300
2000        2882500
5000        4807100
10000       6680300
20000       10370000
50000       24901000
100000      46441000
200000      89888000
500000      223290000
1000000     442920000
2000000     885460000
5000000     2503700000
10000000    5012200000
20000000    9964900000
50000000    24784000000
100000000   49592000000
200000000   99197000000
500000000   248310000000
1000000000  500350000000
2000000000  1004400000000
4000000000  2011400000000

1,2,5,10,20,50,100,200,500,1000,2000,5000,10000,20000,50000,100000,200000,500000,1000000,2000000,5000000,10000000,20000000,50000000,100000000,200000000,500000000,1000000000,2000000000,4000000000
2845900,2844900,2850300,2849300,2847000,2842200,2849300,2849500,2848000,2867300,2882500,4807100,6680300,10370000,24901000,46441000,89888000,223290000,442920000,885460000,2503700000,5012200000,9964900000,24784000000,49592000000,99197000000,248310000000,500350000000,1004400000000,2011400000000
