1        100330
2        101660
5        104070
10       108470
20       115510
50       133870
100      170110
200      224540
500      380670
1000     664690
2000     1288100
5000     3198300
10000    6231800
20000    12398000
50000    30921000
100000   61726000
200000   123530000
500000   315340000
1000000  688420000
2000000  1394600000
5000000  3541400000
9999999  7148300000

1,2,5,10,20,50,100,200,500,1000,2000,5000,10000,20000,50000,100000,200000,500000,1000000,2000000,5000000,9999999
100330,101660,104070,108470,115510,133870,170110,224540,380670,664690,1288100,3198300,6231800,12398000,30921000,61726000,123530000,315340000,688420000,1394600000,3541400000,7148300000
