1        109980
2        111030
5        116860
10       123170
20       135740
50       175100
100      251600
200      378330
500      769230
1000     1414600
2000     2715000
5000     6589400
10000    13064000
20000    25967000
50000    64378000
100000   129120000
200000   258340000
500000   736940000
1000000  1542400000
2000000  3173700000
5000000  8080900000
9999999  16240000000

1,2,5,10,20,50,100,200,500,1000,2000,5000,10000,20000,50000,100000,200000,500000,1000000,2000000,5000000,9999999
109980,111030,116860,123170,135740,175100,251600,378330,769230,1414600,2715000,6589400,13064000,25967000,64378000,129120000,258340000,736940000,1542400000,3173700000,8080900000,16240000000
