1        99013
2        99764
5        102730
10       106230
20       120070
50       117080
100      129200
200      156840
500      247650
1000     421560
2000     894890
5000     2357600
10000    5056900
20000    10817000
50000    27778000
100000   57067000
200000   126240000
500000   330740000
1000000  946480000
2000000  2074000000
5000000  5485900000
9999999  11079000000

1,2,5,10,20,50,100,200,500,1000,2000,5000,10000,20000,50000,100000,200000,500000,1000000,2000000,5000000,9999999
99013,99764,102730,106230,120070,117080,129200,156840,247650,421560,894890,2357600,5056900,10817000,27778000,57067000,126240000,330740000,946480000,2074000000,5485900000,11079000000
