1           186250000
2           187680000
5           185740000
10          185590000
20          184080000
30          188810000
50          186560000
60          187070000
70          184710000
80          187070000
90          189430000
100         193360000
200         186890000
300         191010000
400         189450000
500         191560000
600         189840000
700         190030000
800         191470000
900         198140000
1000        187450000
2000        203890000
3000        199510000
4000        205980000
5000        202410000
6000        211460000
7000        211370000
8000        216070000
9000        216610000
10000       222530000
20000       260360000
30000       291560000
40000       335430000
50000       366170000
60000       396020000
70000       436790000
80000       473960000
90000       506320000
100000      548600000
200000      918260000
300000      1288200000
400000      1606200000
500000      1969000000
600000      2403500000
700000      2663300000
800000      3043600000
900000      3374600000
1000000     3681900000
2000000     7284800000
3000000     10904000000
4000000     14491000000
5000000     18155000000
6000000     21581000000
7000000     25187000000
8000000     28622000000
9000000     32676000000
10000000    36301000000
20000000    72338000000
30000000    107840000000
40000000    142580000000
50000000    176540000000
60000000    213540000000
70000000    249870000000
80000000    284500000000
90000000    319450000000
100000000   355650000000
200000000   707920000000
300000000   1060100000000
400000000   1396900000000
500000000   1752800000000
600000000   2119800000000
700000000   2450200000000
800000000   2803800000000
900000000   3147500000000
1000000000  3505200000000

1,2,5,10,20,30,50,60,70,80,90,100,200,300,400,500,600,700,800,900,1000,2000,3000,4000,5000,6000,7000,8000,9000,10000,20000,30000,40000,50000,60000,70000,80000,90000,100000,200000,300000,400000,500000,600000,700000,800000,900000,1000000,2000000,3000000,4000000,5000000,6000000,7000000,8000000,9000000,10000000,20000000,30000000,40000000,50000000,60000000,70000000,80000000,90000000,100000000,200000000,300000000,400000000,500000000,600000000,700000000,800000000,900000000,1000000000
186250000,187680000,185740000,185590000,184080000,188810000,186560000,187070000,184710000,187070000,189430000,193360000,186890000,191010000,189450000,191560000,189840000,190030000,191470000,198140000,187450000,203890000,199510000,205980000,202410000,211460000,211370000,216070000,216610000,222530000,260360000,291560000,335430000,366170000,396020000,436790000,473960000,506320000,548600000,918260000,1288200000,1606200000,1969000000,2403500000,2663300000,3043600000,3374600000,3681900000,7284800000,10904000000,14491000000,18155000000,21581000000,25187000000,28622000000,32676000000,36301000000,72338000000,107840000000,142580000000,176540000000,213540000000,249870000000,284500000000,319450000000,355650000000,707920000000,1060100000000,1396900000000,1752800000000,2119800000000,2450200000000,2803800000000,3147500000000,3505200000000
