1           156140
2           159150
5           159420
10          164690
20          166580
30          167840
50          173790
60          177340
70          180810
80          183370
90          186410
100         190170
200         293950
300         318860
400         345640
500         372380
600         394350
700         416990
800         438540
900         466740
1000        487750
2000        724790
3000        968080
4000        1221100
5000        1463700
6000        1697600
7000        1932800
8000        2184300
9000        2418900
10000       2665900
20000       5092600
30000       7460700
40000       9887400
50000       12263000
60000       14762000
70000       17178000
80000       19593000
90000       22000000
100000      24200000
200000      47998000
300000      73065000
400000      96783000
500000      121170000
600000      147250000
700000      176880000
800000      214410000
900000      262140000
1000000     314620000
2000000     952350000
3000000     1650300000
4000000     2475400000
5000000     18120000000
6000000     21761000000
7000000     25531000000
8000000     29205000000
9000000     32574000000
10000000    36279000000
20000000    72563000000
30000000    109880000000
40000000    145250000000
50000000    180100000000
60000000    215770000000
70000000    251910000000
80000000    283910000000
90000000    323080000000
100000000   358850000000
200000000   713360000000
300000000   1065500000000
400000000   1425500000000
500000000   1769600000000
600000000   2124100000000
700000000   2479200000000
800000000   2846000000000
900000000   3188000000000
1000000000  3559900000000

1,2,5,10,20,30,50,60,70,80,90,100,200,300,400,500,600,700,800,900,1000,2000,3000,4000,5000,6000,7000,8000,9000,10000,20000,30000,40000,50000,60000,70000,80000,90000,100000,200000,300000,400000,500000,600000,700000,800000,900000,1000000,2000000,3000000,4000000,5000000,6000000,7000000,8000000,9000000,10000000,20000000,30000000,40000000,50000000,60000000,70000000,80000000,90000000,100000000,200000000,300000000,400000000,500000000,600000000,700000000,800000000,900000000,1000000000
156140,159150,159420,164690,166580,167840,173790,177340,180810,183370,186410,190170,293950,318860,345640,372380,394350,416990,438540,466740,487750,724790,968080,1221100,1463700,1697600,1932800,2184300,2418900,2665900,5092600,7460700,9887400,12263000,14762000,17178000,19593000,22000000,24200000,47998000,73065000,96783000,121170000,147250000,176880000,214410000,262140000,314620000,952350000,1650300000,2475400000,18120000000,21761000000,25531000000,29205000000,32574000000,36279000000,72563000000,109880000000,145250000000,180100000000,215770000000,251910000000,283910000000,323080000000,358850000000,713360000000,1065500000000,1425500000000,1769600000000,2124100000000,2479200000000,2846000000000,3188000000000,3559900000000
